Freq	Mag	Mag(dB)
0.0	1.000000	0.000000
50.8	1.000000	0.000000
101.6	1.000000	0.000000
152.3	1.000000	0.000000
203.1	1.000000	0.000000
253.9	1.000000	0.000000
304.7	1.000000	0.000000
355.5	1.000000	0.000000
406.2	1.000000	0.000000
457.0	1.000000	0.000000
507.8	1.000000	0.000000
558.6	1.000000	0.000000
609.4	1.000000	0.000000
660.2	1.000000	0.000000
710.9	1.000000	0.000000
761.7	1.000000	0.000000
812.5	1.000000	0.000000
863.3	1.000000	0.000000
914.1	1.000000	0.000000
964.8	1.000000	0.000000
1015.6	514.447998	27.113415
1066.4	544.131104	27.357035
1117.2	1054.765137	30.231556
1168.0	942.499634	29.742813
1218.8	1573.743652	31.969339
1269.5	859.886963	29.344414
1320.3	281.529297	24.495237
1371.1	235.013626	23.710930
1421.9	253.526138	24.040226
1472.7	273.354919	24.367268
1523.4	335.272552	25.253981
1574.2	110.801910	20.445473
1625.0	281.791687	24.499283
1675.8	288.264221	24.597908
1726.6	457.012421	26.599281
1777.3	219.451065	23.413376
1828.1	348.885254	25.426826
1878.9	229.837402	23.614206
1929.7	292.837311	24.666264
1980.5	229.271820	23.603506
2031.2	183.664459	22.640251
2082.0	405.357361	26.078381
2132.8	390.478302	25.915968
2183.6	48.605320	16.866838
2234.4	309.068573	24.900549
2285.2	378.615417	25.781982
2335.9	354.945892	25.501621
2386.7	240.249344	23.806622
2437.5	143.814072	21.578014
2488.3	162.670624	22.113092
2539.1	54.940544	17.398930
2589.8	260.226807	24.153521
2640.6	337.097198	25.277554
2691.4	165.765900	22.194954
2742.2	122.052124	20.865456
2793.0	222.235107	23.468128
2843.8	81.970100	19.136555
2894.5	146.799484	21.667244
2945.3	128.780487	21.098501
2996.1	31.942142	15.043640
3046.9	215.761612	23.339741
3097.7	172.808228	22.375643
3148.4	165.176254	22.179478
3199.2	196.862991	22.941643
3250.0	38.844219	15.893264
3300.8	248.763016	23.957859
3351.6	256.081421	24.083782
3402.3	156.186829	21.936445
3453.1	130.021515	21.140154
3503.9	74.633041	18.729311
3554.7	112.061440	20.494560
3605.5	235.434357	23.718699
3656.2	60.792053	17.838469
3707.0	246.625412	23.920380
3757.8	274.003754	24.377565
3808.6	268.985138	24.297283
3859.4	113.676453	20.556705
3910.2	356.405762	25.519447
3960.9	324.740906	25.115372
4011.7	194.473129	22.888596
4062.5	273.480469	24.369263
4113.3	130.766144	21.164953
4164.1	164.913528	22.172564
4214.8	381.019196	25.809469
4265.6	352.667877	25.473660
4316.4	145.533752	21.629637
4367.2	139.186371	21.435966
4418.0	151.561890	21.805899
4468.8	193.923843	22.876312
4519.5	152.764343	21.840219
4570.3	142.700119	21.544245
4621.1	157.304123	21.967402
4671.9	69.316772	18.408382
4722.7	86.302826	19.360250
4773.4	166.530975	22.214951
4824.2	282.388458	24.508469
4875.0	177.855911	22.500683
4925.8	165.212357	22.180426
4976.6	196.911728	22.942715
5027.3	184.229156	22.653584
5078.1	52.603382	17.210136
5128.9	196.728790	22.938679
5179.7	159.411301	22.025192
5230.5	46.702354	16.693388
5281.2	131.534073	21.190384
5332.0	226.690521	23.554335
5382.8	113.052223	20.532791
5433.6	88.516556	19.470245
5484.4	120.989159	20.827465
5535.2	115.355194	20.620373
5585.9	84.677658	19.277689
5636.7	121.478851	20.845009
5687.5	35.420635	15.492563
5738.3	55.541676	17.446190
5789.1	78.419395	18.944235
5839.8	134.567749	21.289410
5890.6	285.477875	24.555723
5941.4	302.593597	24.808598
5992.2	143.315353	21.562927
6043.0	156.310349	21.939878
6093.8	244.145386	23.876486
6144.5	180.108093	22.555332
6195.3	90.673019	19.574780
6246.1	350.879425	25.451580
6296.9	327.206116	25.148216
6347.7	231.524506	23.645971
6398.4	320.296356	25.055521
6449.2	364.113342	25.612366
6500.0	147.113312	21.676519
6550.8	110.973831	20.452206
6601.6	227.261719	23.565264
6652.3	302.016846	24.800312
6703.1	214.974823	23.323877
6753.9	144.889099	21.610357
6804.7	86.619019	19.376133
6855.5	141.724609	21.514454
6906.2	220.899582	23.441948
6957.0	87.721443	19.431059
7007.8	24.917130	13.964979
7058.6	119.629173	20.778370
7109.4	176.759369	22.473824
7160.2	161.211975	22.073973
7210.9	100.832710	20.036015
7261.7	120.199242	20.799017
7312.5	52.067108	17.165634
7363.3	136.564896	21.353390
7414.1	149.107666	21.735001
7464.8	74.850830	18.741966
7515.6	90.077187	19.546148
7566.4	80.022118	19.032101
7617.2	73.309471	18.651602
7668.0	77.101265	18.870615
7718.8	65.875938	18.187267
7769.5	122.218361	20.871365
7820.3	107.560135	20.316513
7871.1	148.498138	21.717209
7921.9	146.618759	21.661894
7972.7	58.638573	17.681835
8023.4	162.478287	22.107954
8074.2	171.433487	22.340956
8125.0	87.918053	19.440781
8175.8	63.611050	18.035326
8226.6	122.200829	20.870743
8277.3	101.076927	20.046520
8328.1	92.580803	19.665209
8378.9	125.783188	20.996225
8429.7	116.531082	20.664417
8480.5	74.121216	18.699425
8531.2	132.769470	21.230982
8582.0	53.316864	17.268646
8632.8	36.087486	15.573566
8683.6	10.189103	10.081359
8734.4	79.664047	19.012625
8785.2	138.676315	21.420023
8835.9	83.771965	19.230988
8886.7	6.609338	8.201579
8937.5	186.863663	22.715248
8988.3	301.881348	24.798363
9039.1	252.420715	24.021252
9089.8	201.186111	23.035980
9140.6	231.263000	23.641062
9191.4	314.724579	24.979307
9242.2	172.880554	22.377462
9293.0	150.360291	21.771332
9343.8	133.623444	21.258827
9394.5	155.208969	21.909168
9445.3	116.035545	20.645908
9496.1	173.493713	22.392838
9546.9	202.933899	23.073547
9597.7	302.608459	24.808809
9648.4	183.906891	22.645979
9699.2	192.073029	22.834663
9750.0	260.721313	24.161766
9800.8	224.618912	23.514463
9851.6	275.928375	24.407963
9902.3	481.583832	26.826721
9953.1	379.767517	25.795177
10003.9	395.801208	25.974771
10054.7	497.669373	26.969410
10105.5	434.615845	26.381056
10156.2	191.462646	22.820839
10207.0	360.068237	25.563848
10257.8	432.078888	26.355631
10308.6	227.842560	23.576347
10359.4	249.739334	23.974869
10410.2	241.496552	23.829109
10460.9	85.614250	19.325460
10511.7	391.837982	25.931065
10562.5	514.477539	27.113665
10613.3	270.960602	24.329062
10664.1	87.468460	19.418514
10714.8	316.175690	24.999285
10765.6	392.950897	25.943382
10816.4	222.262512	23.468662
10867.2	167.103104	22.229845
10918.0	323.763519	25.102280
10968.8	356.364563	25.518944
11019.5	319.290100	25.041855
11070.3	357.343475	25.530857
11121.1	292.531860	24.661732
11171.9	336.943878	25.275576
11222.7	265.949097	24.247986
11273.4	117.061531	20.684143
11324.2	141.190979	21.498070
11375.0	72.863403	18.625095
11425.8	67.520103	18.294331
11476.6	117.621338	20.704861
11527.3	115.541908	20.627396
11578.1	183.825317	22.644053
11628.9	242.165512	23.841124
11679.7	287.988464	24.593752
11730.5	301.673401	24.795370
11781.2	303.026642	24.814808
11832.0	224.075607	23.503944
11882.8	201.378998	23.040142
11933.6	268.064301	24.282389
11984.4	168.847504	22.274948
12035.2	96.953133	19.865618
12085.9	193.175385	22.859518
12136.7	192.277496	22.839283
12187.5	90.352066	19.559381
12238.3	57.075340	17.564486
12289.1	164.160858	22.152695
12339.8	208.209900	23.185015
12390.6	121.382088	20.841545
12441.4	218.820541	23.400881
12492.2	396.714935	25.984785
12543.0	249.277618	23.966831
12593.8	154.710983	21.895210
12644.5	244.163986	23.876818
12695.3	421.523560	26.248219
12746.1	455.644989	26.586266
12796.9	226.301590	23.546877
12847.7	297.168823	24.730032
12898.4	370.148254	25.683756
12949.2	293.076324	24.669807
13000.0	13.323367	11.246140
13050.8	148.176636	21.707798
13101.6	89.757790	19.530722
13152.3	215.979767	23.344131
13203.1	357.082977	25.527691
13253.9	326.120331	25.133780
13304.7	384.871307	25.853155
13355.5	269.940735	24.312685
13406.2	565.548218	27.524696
13457.0	636.760803	28.039762
13507.8	602.071167	27.796478
13558.6	524.105713	27.194191
13609.4	579.543396	27.630859
13660.2	621.034668	27.931158
13710.9	177.595856	22.494328
13761.7	400.938141	26.030773
13812.5	288.241638	24.597567
13863.3	73.554039	18.666065
13914.1	296.571320	24.721291
13964.8	337.593750	25.283945
14015.6	403.379608	26.057138
14066.4	413.759949	26.167484
14117.2	38.508129	15.855524
14168.0	640.196167	28.063129
14218.8	794.866699	29.002943
14269.5	385.950226	25.865314
14320.3	275.036774	24.393906
14371.1	733.787598	28.655703
14421.9	582.513489	27.653061
14472.7	149.454468	21.745089
14523.4	534.688354	27.281008
14574.2	560.621338	27.486696
14625.0	239.615234	23.795145
14675.8	150.683075	21.780645
14726.6	384.188263	25.845442
14777.3	321.984070	25.078344
14828.1	132.681122	21.228092
14878.9	119.947388	20.789907
14929.7	270.794403	24.326397
14980.5	231.321716	23.642162
15031.2	263.006897	24.199673
15082.0	637.143311	28.042372
15132.8	633.926575	28.020390
15183.6	406.895782	26.094833
15234.4	469.730591	26.718487
15285.2	560.937012	27.489140
15335.9	463.369812	26.659277
15386.7	603.758972	27.808636
15437.5	560.080322	27.482502
15488.3	152.211365	21.824472
15539.1	356.272308	25.517822
15589.8	593.204346	27.732044
15640.6	360.455627	25.568520
15691.4	216.523010	23.355042
15742.2	431.477600	26.349583
15793.0	293.091949	24.670038
15843.8	144.365799	21.594643
15894.5	445.046417	26.484053
15945.3	629.177856	27.987736
15996.1	580.584167	27.638653
16046.9	127.859146	21.067318
16097.7	523.685303	27.190704
16148.4	588.737244	27.699215
16199.2	181.485184	22.588413
16250.0	292.784973	24.665487
16300.8	300.593689	24.779799
16351.6	165.078369	22.176903
16402.3	416.769104	26.198956
16453.1	405.747192	26.082556
16503.9	176.790894	22.474598
16554.7	86.227470	19.356457
16605.5	150.867554	21.785957
16656.2	57.894161	17.626347
16707.0	29.542391	14.704456
16757.8	118.078438	20.721704
16808.6	161.957138	22.094002
16859.4	84.467880	19.266914
16910.2	318.287659	25.028198
16960.9	338.881012	25.300472
17011.7	46.955887	16.716900
17062.5	268.562408	24.290451
17113.3	253.659790	24.042515
17164.1	137.540451	21.384304
17214.8	249.626312	23.972904
17265.6	237.919540	23.764301
17316.4	50.692276	17.049417
17367.2	243.916183	23.872406
17418.0	346.023895	25.391062
17468.8	404.413849	26.068260
17519.5	185.924194	22.693359
17570.3	154.154999	21.879576
17621.1	217.954651	23.383659
17671.9	17.790964	12.501994
17722.7	79.246773	18.989815
17773.4	148.546432	21.718620
17824.2	164.375473	22.158371
17875.0	155.680206	21.922333
17925.8	264.890198	24.230659
17976.6	136.001419	21.335434
18027.3	82.617714	19.170731
18078.1	162.316513	22.103626
18128.9	88.380348	19.463556
18179.7	204.798111	23.113260
18230.5	338.237396	25.292215
18281.2	201.682266	23.046677
18332.0	100.843498	20.036478
18382.8	196.128693	22.925411
18433.6	277.116852	24.426630
18484.4	191.610901	22.824202
18535.2	131.351089	21.184338
18585.9	144.457367	21.597397
18636.7	184.258301	22.654270
18687.5	117.860435	20.713680
18738.3	182.643387	22.616039
18789.1	250.223068	23.983273
18839.8	203.051102	23.076054
18890.6	136.367722	21.347115
18941.4	168.252716	22.259621
18992.2	189.302292	22.771559
19043.0	174.603500	22.420530
19093.8	137.153564	21.372070
19144.5	86.625435	19.376453
19195.3	425.138702	26.285307
19246.1	414.738495	26.177742
19296.9	200.099426	23.012459
19347.7	173.666061	22.397148
19398.4	166.858536	22.223484
19449.2	475.505402	26.771555
19500.0	338.709381	25.298271
19550.8	164.604507	22.164417
19601.6	216.564331	23.355869
19652.3	26.575048	14.244741
19703.1	149.061462	21.733654
19753.9	253.682922	24.042912
19804.7	181.773605	22.595308
19855.5	296.353424	24.718098
19906.2	1562.425781	31.937996
19957.0	2205.275879	33.434631
20007.8	797.221680	29.015791
20058.6	46.800270	16.702484
20109.4	23.218107	13.658268
20160.2	171.708298	22.347912
20210.9	294.008240	24.683594
20261.7	275.432434	24.400150
20312.5	101.631371	20.070278
20363.3	41.786160	16.210325
20414.1	235.956726	23.728323
20464.8	207.781082	23.176060
20515.6	78.623238	18.955509
20566.4	191.010101	22.810564
20617.2	71.154816	18.522043
20668.0	358.065582	25.539625
20718.8	311.818024	24.939013
20769.5	122.836807	20.893286
20820.3	182.830200	22.620480
20871.1	245.822952	23.906223
20921.9	184.842834	22.668026
20972.7	66.439743	18.224279
21023.4	241.833023	23.835155
21074.2	262.222809	24.186705
21125.0	219.479889	23.413946
21175.8	183.255798	22.630577
21226.6	163.077881	22.123949
21277.3	279.086761	24.457394
21328.1	151.552917	21.805645
21378.9	287.335388	24.583891
21429.7	287.947052	24.593126
21480.5	225.323715	23.528069
21531.2	374.257050	25.731699
21582.0	236.252640	23.733767
21632.8	235.986542	23.728870
21683.6	323.778992	25.102486
21734.4	225.605667	23.533499
21785.2	256.487671	24.090664
21835.9	268.583313	24.290791
21886.7	300.116241	24.772894
21937.5	284.636749	24.542908
21988.3	257.923157	24.114904
22039.1	145.320557	21.623270
22089.8	229.075577	23.599787
22140.6	130.217758	21.146702
22191.4	237.473526	23.756151
22242.2	350.325989	25.444725
22293.0	290.282593	24.628210
22343.8	203.864792	23.093422
22394.5	170.372681	22.313999
22445.3	235.171249	23.713840
22496.1	498.468231	26.976376
22546.9	387.845825	25.886591
22597.7	63.322887	18.015608
22648.4	150.897202	21.786812
22699.2	217.795654	23.380491
22750.0	194.019958	22.878464
22800.8	56.271915	17.502916
22851.6	206.458771	23.148335
22902.3	75.242599	18.764637
22953.1	188.917221	22.762716
23003.9	191.439484	22.820316
23054.7	147.113464	21.676523
23105.5	165.203888	22.180202
23156.2	240.797836	23.816526
23207.0	501.320099	27.001152
23257.8	453.824219	26.568878
23308.6	368.290466	25.661905
23359.4	291.721771	24.649689
23410.2	76.937897	18.861404
23460.9	117.410088	20.697056
23511.7	324.555328	25.112886
23562.5	229.503143	23.607885
23613.3	344.675537	25.374105
23664.1	406.619110	26.091879
23714.8	248.902771	23.960297
23765.6	203.839539	23.092884
23816.4	241.995468	23.838072
23867.2	244.959137	23.890936
23918.0	175.505127	22.442898
23968.8	286.656097	24.573612
24019.5	385.459900	25.859793
24070.3	405.488800	26.079788
24121.1	384.711578	25.851353
24171.9	374.998688	25.740297
24222.7	441.489166	26.449202
24273.4	572.729248	27.579494
24324.2	518.711670	27.149260
24375.0	201.624390	23.045429
24425.8	498.757446	26.978893
24476.6	287.308990	24.583492
24527.3	257.958191	24.115494
24578.1	483.755585	26.846260
24628.9	327.638947	25.153957
24679.7	87.569641	19.423536
24730.5	314.122955	24.970997
24781.2	382.244812	25.823418
24832.0	307.328735	24.876032
24882.8	364.239014	25.613865
24933.6	456.349823	26.592979
24984.4	361.810516	25.584812
25035.2	271.529114	24.338165
25085.9	324.681396	25.114574
25136.7	113.647736	20.555609
25187.5	215.101593	23.326435
25238.3	493.280090	26.930935
25289.1	626.862000	27.971722
25339.8	340.369141	25.319502
25390.6	387.624969	25.884117
25441.4	496.867523	26.962406
25492.2	273.422150	24.368336
25543.0	266.998108	24.265081
25593.8	318.680664	25.033558
25644.5	251.640762	24.007809
25695.3	168.232239	22.259092
25746.1	90.301346	19.556942
25796.9	212.902100	23.281799
25847.7	133.175079	21.244230
25898.4	65.521980	18.163870
25949.2	273.156525	24.364117
26000.0	479.000183	26.803358
26050.8	263.954102	24.215282
26101.6	341.050385	25.328186
26152.3	393.301971	25.947262
26203.1	499.128876	26.982126
26253.9	495.558716	26.950951
26304.7	282.763855	24.514238
26355.5	205.323242	23.124380
26406.2	472.849548	26.747229
26457.0	166.776428	22.221346
26507.8	174.431686	22.416252
26558.6	145.337646	21.623781
26609.4	294.683289	24.693556
26660.2	313.565796	24.963285
26710.9	235.550385	23.720839
26761.7	138.645813	21.419067
26812.5	515.121948	27.119101
26863.3	472.800476	26.746778
26914.1	34.145344	15.333315
26964.8	224.825836	23.518463
27015.6	115.643196	20.631201
27066.4	432.866089	26.363535
27117.2	278.908630	24.454620
27168.0	237.734940	23.760929
27218.8	130.780502	21.165430
27269.5	170.407654	22.314892
27320.3	272.450226	24.352873
27371.1	63.532845	18.029984
27421.9	230.295990	23.622864
27472.7	564.136292	27.513840
27523.4	750.884277	28.755730
27574.2	435.545410	26.390333
27625.0	677.012756	28.305969
27675.8	290.377838	24.629635
27726.6	126.177917	21.009834
27777.3	336.714661	25.272619
27828.1	304.347565	24.833698
27878.9	590.026733	27.708717
27929.7	603.705566	27.808250
27980.5	241.288895	23.825375
28031.2	318.235962	25.027493
28082.0	406.846436	26.094305
28132.8	123.948029	20.932396
28183.6	227.884216	23.577141
28234.4	416.896118	26.200277
28285.2	523.288330	27.187408
28335.9	495.771606	26.952818
28386.7	67.222900	18.275173
28437.5	195.906708	22.920494
28488.3	226.016449	23.541401
28539.1	206.520660	23.149635
28589.8	312.555359	24.949268
28640.6	180.843155	22.573021
28691.4	355.981018	25.514269
28742.2	279.478851	24.463490
28793.0	289.315979	24.613724
28843.8	484.065247	26.849039
28894.5	291.174347	24.641531
28945.3	220.224304	23.428652
28996.1	220.764801	23.439297
29046.9	265.709351	24.244068
29097.7	419.506470	26.227386
29148.4	277.060699	24.425751
29199.2	227.710266	23.573826
29250.0	245.588699	23.902084
29300.8	118.821518	20.748951
29351.6	370.309113	25.685644
29402.3	651.585999	28.139717
29453.1	657.417175	28.178410
29503.9	266.450104	24.256157
29554.7	156.202911	21.936892
29605.5	293.052765	24.669458
29656.2	557.208496	27.460176
29707.0	803.122864	29.047821
29757.8	253.051361	24.032087
29808.6	289.452545	24.615774
29859.4	508.194672	27.060301
29910.2	500.846619	26.997047
29960.9	380.706635	25.805904
30011.7	502.515411	27.011494
30062.5	266.514618	24.257210
30113.3	569.439270	27.554474
30164.1	286.575867	24.572395
30214.8	249.218231	23.965797
30265.6	341.105103	25.328882
30316.4	742.223877	28.705349
30367.2	649.042297	28.122730
30418.0	488.190247	26.885891
30468.8	654.666687	28.160202
30519.5	761.758972	28.818176
30570.3	511.921600	27.092035
30621.1	375.818146	25.749779
30671.9	774.387024	28.889580
30722.7	772.920898	28.881350
30773.4	553.401917	27.430405
30824.2	288.698456	24.604445
30875.0	503.087311	27.016434
30925.8	256.132263	24.084642
30976.6	343.551086	25.359915
31027.3	235.774185	23.724964
31078.1	168.997726	22.278809
31128.9	509.484680	27.071312
31179.7	330.888885	25.196821
31230.5	141.595139	21.510485
31281.2	713.799255	28.535763
31332.0	1037.605713	30.160324
31382.8	720.893738	28.578712
31433.6	306.896881	24.869923
31484.4	387.083984	25.878052
31535.2	425.694885	26.290985
31585.9	548.086365	27.388489
31636.7	638.407776	28.050980
31687.5	512.603821	27.097818
31738.3	427.431366	26.308662
31789.1	366.565674	25.641518
31839.8	705.990540	28.487988
31890.6	1282.477051	31.080496
31941.4	694.548096	28.417023
31992.2	558.180176	27.467745
32043.0	351.968964	25.465042
32093.8	804.479248	29.055149
32144.5	943.848511	29.749023
32195.3	477.119415	26.786270
32246.1	528.610535	27.231358
32296.9	720.694580	28.577515
32347.7	738.364319	28.682707
32398.4	579.468323	27.630299
32449.2	83.582924	19.221176
32500.0	285.935364	24.562679
32550.8	672.113770	28.274429
32601.6	1391.626465	31.435226
32652.3	999.783569	29.999062
32703.1	507.908539	27.057856
32753.9	577.871582	27.618313
32804.7	490.410736	26.905598
32855.5	220.114822	23.426493
32906.2	432.042572	26.355267
32957.0	578.478882	27.622875
33007.8	769.594238	28.862617
33058.6	641.739807	28.073589
33109.4	203.323349	23.081873
33160.2	346.526672	25.397367
33210.9	729.989929	28.633167
33261.7	527.469910	27.221977
33312.5	433.581512	26.370707
33363.3	400.592560	26.027029
33414.1	95.667946	19.807665
33464.8	263.528778	24.208281
33515.6	100.058929	20.002558
33566.4	430.085724	26.335548
33617.2	462.855591	26.654455
33668.0	792.108276	28.987846
33718.8	1015.998047	30.068930
33769.5	668.119202	28.248539
33820.3	610.347046	27.855768
33871.1	565.573486	27.524891
33921.9	379.358124	25.790493
33972.7	497.199799	26.965309
34023.4	926.875427	29.670216
34074.2	1245.826050	30.954573
34125.0	942.372437	29.742226
34175.8	1197.842529	30.783997
34226.6	1027.342651	30.117153
34277.3	557.083069	27.459200
34328.1	213.891235	23.301929
34378.9	167.003571	22.227259
34429.7	589.608276	27.705635
34480.5	306.675812	24.866795
34531.2	326.958771	25.144930
34582.0	398.937744	26.009052
34632.8	688.357300	28.378139
34683.6	345.027191	25.378532
34734.4	562.327576	27.499893
34785.2	663.378296	28.217613
34835.9	676.016052	28.299570
34886.7	900.369934	29.544210
34937.5	578.814209	27.625391
34988.3	288.767029	24.605476
35039.1	379.974670	25.797546
35089.8	648.098206	28.116407
35140.6	397.959808	25.998392
35191.4	865.310974	29.371721
35242.2	932.300049	29.695557
35293.0	89.693565	19.527613
35343.8	740.127563	28.693066
35394.5	541.232544	27.333839
35445.3	951.065857	29.782106
35496.1	1731.807495	32.384995
35546.9	1157.971436	30.636978
35597.7	270.597015	24.323231
35648.4	604.593872	27.814636
35699.2	584.233521	27.665865
35750.0	441.575958	26.450054
35800.8	666.455811	28.237715
35851.6	518.402588	27.146671
35902.3	443.247528	26.466463
35953.1	943.953186	29.749506
36003.9	776.319702	28.900406
36054.7	625.987671	27.965658
36105.5	652.167297	28.143589
36156.2	308.812256	24.896946
36207.0	279.029419	24.456501
36257.8	475.941559	26.775536
36308.6	644.638245	28.093163
36359.4	678.931458	28.318260
36410.2	965.151428	29.845955
36460.9	1128.233398	30.523989
36511.7	1137.260010	30.558598
36562.5	665.824341	28.233597
36613.3	136.108109	21.338840
36664.1	293.925110	24.682367
36714.8	177.378601	22.489012
36765.6	527.887268	27.225410
36816.4	705.092407	28.482460
36867.2	685.849854	28.362291
36918.0	1035.939331	30.153343
36968.8	780.696716	28.924824
37019.5	102.608566	20.111837
37070.3	407.017761	26.096134
37121.1	691.085632	28.395319
37171.9	417.519257	26.206764
37222.7	352.956818	25.477217
37273.4	332.083435	25.212471
37324.2	516.801331	27.133236
37375.0	495.997345	26.954794
37425.8	499.462219	26.985025
37476.6	428.143555	26.315895
37527.3	1309.495361	31.171040
37578.1	1679.748901	32.252441
37628.9	749.307983	28.746603
37679.7	1012.612305	30.054432
37730.5	1158.787231	30.640038
37781.2	990.185730	29.957165
37832.0	747.872498	28.738274
37882.8	359.666718	25.559004
37933.6	54.242657	17.343409
37984.4	362.614929	25.594456
38035.2	1170.083008	30.682165
38085.9	1401.243286	31.465134
38136.7	1257.114746	30.993750
38187.5	1347.468384	31.295185
38238.3	1290.185791	31.106522
38289.1	1307.144897	31.163237
38339.8	1448.866455	31.610283
38390.6	975.153687	29.890730
38441.4	598.074036	27.767548
38492.2	510.162781	27.077087
38543.0	113.372826	20.545090
38593.8	475.791656	26.774168
38644.5	1140.054077	30.569256
38695.3	1077.867432	30.325653
38746.1	447.400787	26.506968
38796.9	788.951599	28.970505
38847.7	670.450012	28.263664
38898.4	211.980438	23.262959
38949.2	547.027161	27.380089
39000.0	670.705261	28.265316
39050.8	481.614258	26.826992
39101.6	415.665283	26.187437
39152.3	631.067993	28.000763
39203.1	400.818054	26.029472
39253.9	337.544556	25.283310
39304.7	16.170671	12.087280
39355.5	1141.368164	30.574257
39406.2	1262.064209	31.010815
39457.0	369.725037	25.678789
39507.8	932.913330	29.698412
39558.6	874.791382	29.419044
39609.4	973.469727	29.883224
39660.2	1875.285278	32.730671
39710.9	1321.031128	31.209129
39761.7	669.142151	28.255184
39812.5	198.987961	22.988266
39863.3	747.697815	28.737261
39914.1	764.624817	28.834484
39964.8	146.655182	21.662975
40015.6	672.926575	28.279676
40066.4	736.942078	28.674334
40117.2	468.165100	26.703989
40168.0	952.343201	29.787937
40218.8	312.475067	24.948154
40269.5	327.823090	25.156395
40320.3	388.918060	25.898581
40371.1	579.401550	27.629797
40421.9	531.518250	27.255182
40472.7	82.559303	19.167660
40523.4	347.108185	25.404648
40574.2	388.454529	25.893402
40625.0	1163.977417	30.659447
40675.8	1025.958130	30.111296
40726.6	150.714493	21.781549
40777.3	384.131622	25.844801
40828.1	518.355530	27.146278
40878.9	337.083313	25.277370
40929.7	293.217987	24.671906
40980.5	691.708130	28.399229
41031.2	47.369755	16.755011
41082.0	771.079041	28.870987
41132.8	1183.425415	30.731409
41183.6	1340.656494	31.273174
41234.4	1242.310059	30.942299
41285.2	785.373901	28.950766
41335.9	908.116211	29.581413
41386.7	712.719177	28.529184
41437.5	413.407440	26.163784
41488.3	209.930969	23.220766
41539.1	428.816376	26.322712
41589.8	646.983765	28.108932
41640.6	179.423859	22.538803
41691.4	805.946533	29.063063
41742.2	1287.083374	31.096067
41793.0	1457.761353	31.636866
41843.8	1605.244263	32.055412
41894.5	1305.547729	31.157928
41945.3	304.220459	24.831884
41996.1	786.365845	28.956245
42046.9	686.525818	28.366568
42097.7	544.534668	27.360256
42148.4	1028.348022	30.121401
42199.2	1360.581543	31.337246
42250.0	1098.945068	30.409760
42300.8	877.451233	29.432230
42351.6	785.113892	28.949327
42402.3	526.704285	27.215670
42453.1	1408.848755	31.488644
42503.9	1410.179565	31.492744
42554.7	570.192444	27.560215
42605.5	1277.288818	31.062891
42656.2	1029.407837	30.125875
42707.0	124.152588	20.939558
42757.8	411.392242	26.142561
42808.6	215.207458	23.328573
42859.4	591.943298	27.722801
42910.2	866.999390	29.380188
42960.9	1005.160645	30.022354
43011.7	381.523376	25.815210
43062.5	190.812729	22.806072
43113.3	686.936035	28.369162
43164.1	546.394836	27.375067
43214.8	603.554321	27.807163
43265.6	474.174347	26.759380
43316.4	959.881226	29.822176
43367.2	832.670349	29.204731
43418.0	823.332153	29.155750
43468.8	925.640808	29.664425
43519.5	576.982910	27.611629
43570.3	275.272308	24.397625
43621.1	827.951355	29.180048
43671.9	1245.127441	30.952139
43722.7	1212.329224	30.836205
43773.4	907.016113	29.576149
43824.2	484.194336	26.850197
43875.0	382.769501	25.829372
43925.8	811.307678	29.091856
43976.6	1176.484741	30.705862
44027.3	1442.150391	31.590107
44078.1	1425.201538	31.538763
44128.9	1517.065430	31.810043
44179.7	1143.529785	30.582476
44230.5	928.088867	29.675896
44281.2	1409.224854	31.489803
44332.0	1317.993042	31.199131
44382.8	1112.451538	30.462811
44433.6	705.538635	28.485207
44484.4	396.842529	25.986183
44535.2	681.985901	28.337755
44585.9	816.893494	29.121655
44636.7	1024.488037	30.105068
44687.5	602.618774	27.800426
44738.3	303.487915	24.821415
44789.1	1035.895752	30.153160
44839.8	1973.415039	32.952187
44890.6	1366.293945	31.355440
44941.4	695.244568	28.421375
44992.2	947.075806	29.763847
45043.0	229.514008	23.608093
45093.8	1005.073547	30.021976
45144.5	715.955811	28.548862
45195.3	1092.379150	30.383736
45246.1	1665.049194	32.214272
45296.9	1958.615967	32.919495
45347.7	1409.309448	31.490063
45398.4	591.337524	27.718353
45449.2	936.652100	29.715784
45500.0	1139.210327	30.566040
45550.8	617.758789	27.908190
45601.6	991.815369	29.964310
45652.3	1378.867554	31.395226
45703.1	1278.548706	31.067173
45753.9	585.120667	27.672455
45804.7	462.858948	26.654488
45855.5	1173.068970	30.693235
45906.2	1136.501465	30.555698
45957.0	707.615173	28.497972
46007.8	775.092773	28.893538
46058.6	1586.686157	32.004910
46109.4	616.982666	27.902729
46160.2	275.739166	24.404984
46210.9	396.454712	25.981937
46261.7	756.504822	28.788116
46312.5	322.534515	25.085762
46363.3	564.760071	27.518639
46414.1	478.520905	26.799009
46464.8	661.778503	28.207127
46515.6	708.462219	28.503168
46566.4	518.759094	27.149658
46617.2	236.253036	23.733772
46668.0	150.619507	21.778812
46718.8	419.564301	26.227985
46769.5	1122.502686	30.501873
46820.3	1128.244873	30.524035
46871.1	762.650757	28.823257
46921.9	784.235168	28.944464
46972.7	630.723145	27.998388
47023.4	316.728912	25.006876
47074.2	732.921143	28.650572
47125.0	1640.874756	32.150757
47175.8	1027.818481	30.119164
47226.6	1688.930420	32.276119
47277.3	990.325562	29.957781
47328.1	775.716492	28.897030
47378.9	613.171387	27.875820
47429.7	881.811768	29.453758
47480.5	693.717896	28.411829
47531.2	364.041901	25.611513
47582.0	526.730347	27.215883
47632.8	1008.807434	30.038082
47683.6	910.381348	29.592232
47734.4	146.486511	21.657978
47785.2	513.321960	27.103899
47835.9	261.010712	24.166584
47886.7	753.667664	28.771799
47937.5	947.818787	29.767254
47988.3	1155.593506	30.628052
48039.1	904.927673	29.566137
48089.8	867.697937	29.383686
48140.6	1037.095703	30.158188
48191.4	1175.120850	30.700825
48242.2	1053.296753	30.225508
48293.0	515.013733	27.118187
48343.8	1524.795532	31.832115
48394.5	1527.741943	31.840500
48445.3	1443.133667	31.593065
48496.1	1215.160889	30.846338
48546.9	1478.588623	31.698473
48597.7	2012.347778	33.037029
48648.4	1651.331909	32.178345
48699.2	1152.585449	30.616732
48750.0	475.148254	26.768291
48800.8	115.970055	20.643459
48851.6	144.697708	21.604616
48902.3	24.785517	13.941979
48953.1	641.340332	28.070887
49003.9	1173.980957	30.696611
49054.7	860.810669	29.349077
49105.5	396.339417	25.980673
49156.2	808.123596	29.074780
49207.0	870.406128	29.397221
49257.8	1132.356567	30.539833
49308.6	649.632263	28.126677
49359.4	679.169312	28.319780
49410.2	590.312988	27.710823
49460.9	720.358826	28.575489
49511.7	931.282410	29.690815
49562.5	777.294556	28.905857
49613.3	557.522888	27.462627
49664.1	281.438110	24.493830
49714.8	1110.312134	30.454453
49765.6	964.546814	29.843233
49816.4	361.567352	25.581892
49867.2	563.268738	27.507156
49918.0	408.347656	26.110302
49968.8	889.932617	29.493570
50019.5	1623.454346	32.104401
50070.3	1490.546387	31.733456
50121.1	728.427368	28.623863
50171.9	449.301666	26.525381
50222.7	952.837341	29.790188
50273.4	697.784058	28.437212
50324.2	875.627869	29.423197
50375.0	1294.558228	31.121216
50425.8	1671.235840	32.230377
50476.6	1717.630127	32.349297
50527.3	1422.595215	31.530815
50578.1	1047.291016	30.200674
50628.9	1091.412720	30.379889
50679.7	1196.582642	30.779427
50730.5	545.105225	27.364803
50781.2	158.525604	22.000996
50832.0	1033.570801	30.143402
50882.8	1875.939209	32.732189
50933.6	781.301025	28.928185
50984.4	308.061340	24.886372
51035.2	417.446899	26.206013
51085.9	985.971252	29.938643
51136.7	1510.974731	31.792572
51187.5	249.105423	23.963833
51238.3	723.095764	28.591957
51289.1	1471.653198	31.678055
51339.8	2001.047241	33.012573
51390.6	573.221619	27.583225
51441.4	688.122375	28.376656
51492.2	1411.383179	31.496449
51543.0	585.444519	27.674858
51593.8	1239.038330	30.930847
51644.5	1393.807251	31.442028
51695.3	740.510315	28.695312
51746.1	1241.052002	30.937901
51796.9	499.386078	26.984365
51847.7	335.827362	25.261162
51898.4	1285.396729	31.090372
51949.2	1729.480103	32.379154
